# Generated with edid-gen.sh:
# - https://github.com/acidanthera/WhateverGreen/blob/master/Manual/edid-gen.sh

--- Original ---

00 ff ff ff ff ff ff 00 09 e5 7f 08 00 00 00 00
01 1d 01 04 a5 1f 08 78 02 d2 2d 93 51 57 8d 28
18 4e 52 00 00 00 01 01 01 01 01 01 01 01 01 01
01 01 01 01 01 01 94 1b 80 a0 70 03 32 20 30 20
55 00 35 53 10 00 00 1a 12 16 80 a0 70 03 32 20
30 20 55 00 35 53 10 00 00 1a 00 00 00 fe 00 42
4f 45 20 48 46 0a 20 20 20 20 20 20 00 00 00 fe
00 4e 56 31 32 36 42 35 4d 2d 4e 34 31 0a 00 ed

--- Modified ---

00 ff ff ff ff ff ff 00 09 e5 7f 08 00 00 00 00
01 1d 01 04 90 1f 08 78 02 d2 2d 93 51 57 8d 28
18 4e 52 00 00 00 01 01 01 01 01 01 01 01 01 01
01 01 01 01 01 01 94 1b 80 a0 70 03 32 20 30 20
55 00 35 53 10 00 00 1a 12 16 80 a0 70 03 32 20
30 20 55 00 35 53 10 00 00 1a 00 00 00 fe 00 42
4f 45 20 48 46 0a 20 20 20 20 20 20 00 00 00 fe
00 4e 56 31 32 36 42 35 4d 2d 4e 34 31 0a 00 02